s1: 131.310864226226727 46.374369531793761 125.196094578882168
s2: 76.637303347172150 67.274673502121942 129.562282064289690
s3: 185.211766000455043 69.580675643824549 130.714648859997055
s4: 159.915601669106820 61.729232963156797 154.387587045984588
s5: 161.702423793696283 53.733283642378595 95.553295436190140
s6: 101.831785646986646 57.844766136164289 154.398216140572913
s7: 102.436243729722818 52.295575620848119 95.165500078036388
s8: 131.743873649975882 63.564153435909134 182.473252275557996
s9: 131.397088280353387 61.453396713374374 68.271672118306640
s10: 129.275347866818748 111.735877070077464 36.110060825277870
s11: 159.980968877047133 90.955918733524655 50.784975041786495
s12: 100.962785774187424 90.164547409585992 50.423746423145268
s13: 76.517976456155552 81.760123860820215 73.300841127640169
s14: 185.359761954188997 83.419317310103807 73.880783286801446
s15: 57.790435765161973 90.055895461826907 103.994896339863487
s16: 205.736777644958181 92.278618344918456 106.053200711623248
s17: 80.296519675207733 89.250502661077789 184.482649916634443
s18: 181.930898852831234 91.312225031261008 186.199847315701533
s19: 102.447852366938250 88.492712785043693 204.772295449160026
s20: 159.896943405917114 89.918139292835448 205.682814736684065
s21: 58.915069388325747 98.058922787089884 162.798140007945278
s22: 202.818368905023306 101.464272491289762 164.551783244611954
s23: 212.753370803207531 119.662613570037792 144.451822304085312
s24: 48.226666706315527 117.526219232286138 140.726150648283408
s25: 50.012906815460582 133.007674679698027 86.450827400352622
s26: 210.634070474909890 134.754988805133564 88.871628579870404
s27: 197.826136963574839 132.545001934197842 64.882055143764632
s28: 61.464078294626432 131.173323165497123 62.905630106416190
s29: 181.525996935589063 135.613572843916955 46.547031545445137
s30: 76.408811389108450 134.593379316558185 46.755329298828222
s31: 131.000441726228502 105.251315774142341 224.724467664635057
d1: 101.708943746573993 51.611825073120094 125.251185353773977
d2: 160.449122303038820 53.380282529446426 125.562262927249165
d3: 131.299272433133609 52.631816188851474 154.545514301212989
d4: 132.179564766534526 48.400908155936364 95.281827397231709
d5: 57.070741303483572 89.746875682128419 134.110479277274010
d6: 204.171275763491025 92.144570010258093 135.964331227414448
d7: 131.227713810932840 81.278506816665782 206.691029144156374
d8: 130.645446404346785 85.063230090872338 49.798750252969882
d9: 102.057110105559687 69.188252001892835 182.398061589183214
d10: 160.839699721655705 70.168638840991449 183.093404053323127
d11: 77.314707240132407 74.965071418986767 158.865662219911741
d12: 184.345668636453439 78.257061084373404 159.287229471239158
d13: 76.851436399672366 67.291267027680561 99.723546566478859
d14: 186.402672626819765 69.973437417737514 100.671183515167769
d15: 101.823840714120493 66.153188437557901 68.592401918563596
d16: 160.935805332786401 66.867699561989156 68.599528724010185
d17: 158.479257375708016 118.249117803519567 38.376280455658154
d18: 100.045980101178870 117.799056889287215 38.955905166576976
d19: 76.065137580842602 105.876211580148976 55.691207221346161
d20: 184.786290415165496 107.222414249587189 55.569771874537992
d21: 59.082954119860858 105.496629407291351 78.347011329093590
d22: 202.556275933057719 107.214273851390359 80.196356530146730
d23: 45.073749708383389 116.316369492409038 110.967697433763391
d24: 214.595643286432050 119.663407179553730 114.484317920856768
d25: 209.590099089459898 129.482945650906174 172.588636671059902
d26: 50.606361888991835 126.217041849994786 169.344119323088648
d27: 196.675713699093762 117.297570140116349 189.164637824795960
d28: 64.615793633812459 114.795784435287089 186.980571774661342
d29: 179.467168386475180 112.627569750302825 206.995094798893660
d30: 81.482348286087472 110.046189658313324 206.622962045181026
d31: 159.565569501613197 114.238958608053892 223.302989248383028
d32: 102.092371518194170 112.945578649458341 222.360052209547547
m1: 131.000000000000000 46.899999999999999 133.000000000000000
m2: 64.000000000000000 78.900000000000006 130.000000000000000
m3: 197.000000000000000 81.900000000000006 133.000000000000000
m4: 131.000000000000000 150.000000000000000 235.099999999999994
m5: 128.000000000000000 101.900000000000006 40.000000000000000
m6: 97.000000000000000 143.000000000000000 31.899999999999999
m7: 161.000000000000000 143.000000000000000 31.899999999999999



Nz: 131.1 188.0 234.0
Iz: 128.0 182.0 25.9
RPA: 42.9 192.0 128.0
LPA: 214.1 192.0 131.0
Cz: 131.0 46.9 133.0
Fpz: 131.0 150.0 235.1
AFz: 131.0 110.2 227.2
Fz: 131.0 79.0 204.1
FCz: 131.0 56.9 169.0
CPz: 129.5 47.4 94.1
Pz: 129.0 67.4 60.5
POz: 128.0 101.7 40.1
Oz: 128.0 141.1 26.5
T7: 215.0 153.0 132.1
C5: 212.1 115.0 132.0
C3: 196.6 81.5 133.0
C1: 166.1 57.0 133.0
C2: 94.4 55.1 131.0
C4: 64.0 78.9 130.0
C6: 47.5 112.0 129.0
T8: 43.9 151.0 128.0
N1: 157.0 189.0 225.1
AF9: 180.5 192.0 211.1
F9: 200.0 192.0 190.1
FT9: 214.5 192.0 165.0
TP9: 219.1 191.0 100.9
P9: 206.1 189.0 75.0
PO9: 188.5 187.1 48.6
I1: 161.3 184.0 31.1
N2: 104.9 189.0 223.1
AF10: 77.0 192.0 214.1
F10: 57.5 192.0 188.6
FT10: 42.5 192.0 162.0
TP10: 38.9 190.5 100.0
P10: 54.8 188.5 73.2
PO10: 69.9 186.0 48.0
I2: 96.9 184.0 31.0
Fp1: 159.8 152.4 230.1
AF7: 185.0 153.0 217.1
F7: 201.9 153.0 192.3
FT7: 212.0 153.0 163.0
TP7: 215.8 150.8 105.2
P7: 203.1 149.0 74.0
PO7: 187.7 146.5 48.6
O1: 161.1 143.0 32.0
Fp2: 102.0 151.0 231.6
AF8: 73.9 152.0 215.0
F8: 56.9 152.0 188.0
FT8: 46.9 151.0 160.0
TP8: 42.4 149.5 99.1
P8: 54.8 147.0 71.2
PO8: 71.9 145.0 47.0
O2: 96.8 142.5 32.0
AF3: 165.9 123.5 224.5
AF4: 95.5 122.4 224.1
F5: 196.0 128.0 196.1
F3: 180.1 104.0 200.0
F1: 160.1 87.0 203.0
F6: 63.1 125.7 192.6
F4: 78.0 100.9 197.0
F2: 103.0 83.0 201.1
FC5: 209.1 120.0 165.0
FC3: 191.7 90.6 167.5
FC1: 164.3 66.1 168.6
FC6: 49.7 116.9 162.3
FC4: 68.0 87.9 164.0
FC2: 96.0 62.9 167.0
CP5: 213.1 114.0 101.5
CP3: 196.1 81.0 98.0
CP1: 168.2 56.0 95.0
CP6: 48.0 114.9 97.0
CP4: 64.1 80.7 95.0
CP2: 92.0 55.9 94.0
P5: 198.0 118.9 69.0
P3: 185.0 91.0 65.9
P1: 160.2 70.5 62.5
P6: 60.4 119.9 66.5
P4: 73.0 93.9 64.0
P2: 97.0 76.0 60.9
PO3: 168.0 113.0 43.9
PO4: 91.5 116.4 40.9
